     0/299     7.38G      3.12      3.34         0      6.46        10       512         0         0   0.00364         0       2.8      1.95         0
     1/299     14.5G       2.3      1.91         0      4.21         9       512         1    0.0154    0.0775    0.0303      2.07      1.48         0
     2/299     14.5G      1.83      1.59         0      3.42         7       512      0.16     0.354     0.123     0.221      1.76      1.28         0
     3/299     14.5G      1.73      1.31         0      3.04        10       512     0.277     0.492     0.351     0.355      1.88     0.949         0
     4/299     14.5G      1.73      1.01         0      2.75         6       512     0.402     0.631     0.598     0.491      1.67     0.759         0
     5/299     14.5G      1.58     0.813         0       2.4         7       512     0.235     0.738       0.4     0.356      1.74     0.717         0
     6/299     14.5G      1.55      0.71         0      2.26         8       512     0.334     0.754     0.672     0.463       1.5     0.673         0
     7/299     14.5G      1.47     0.662         0      2.13         5       512     0.296     0.785     0.663      0.43      1.54      0.63         0
     8/299     14.5G      1.38     0.664         0      2.05        13       512      0.62     0.769     0.776     0.686       1.4     0.591         0
     9/299     14.5G      1.28      0.55         0      1.83         6       512     0.536     0.785     0.729     0.637      1.35     0.599         0
    10/299     14.5G      1.33     0.567         0       1.9         6       512     0.614     0.855     0.821     0.715       1.3     0.589         0
    11/299     14.5G      1.22     0.503         0      1.73         6       512     0.685     0.831     0.826     0.751       1.3     0.572         0
    12/299     14.5G      1.18     0.496         0      1.68         7       512     0.733       0.8     0.826     0.765      1.29     0.589         0
    13/299     14.5G      1.13     0.502         0      1.63         8       512     0.719     0.831     0.818     0.771      1.32      0.58         0
    14/299     14.5G      1.09     0.501         0      1.59         7       512     0.704     0.877      0.85     0.781      1.27     0.547         0
    15/299     14.5G      1.08     0.455         0      1.53         7       512     0.739     0.877     0.881     0.802      1.22     0.583         0
    16/299     14.5G      1.02      0.45         0      1.47         8       512     0.757     0.831     0.859     0.792      1.31      0.54         0
    17/299     14.5G     0.988     0.445         0      1.43         9       512     0.717     0.862     0.846     0.783      1.27     0.508         0
    18/299     14.5G     0.977     0.453         0      1.43        13       512     0.736     0.815     0.852     0.774      1.26     0.551         0
    19/299     14.5G     0.954     0.424         0      1.38         6       512     0.713     0.842     0.833     0.772      1.17     0.529         0
    20/299     14.5G     0.949     0.413         0      1.36        10       512     0.709       0.8     0.814     0.752      1.21      0.53         0
    21/299     14.5G     0.943     0.394         0      1.34         8       512     0.771     0.862     0.837     0.814      1.29     0.567         0
    22/299     14.5G     0.929     0.413         0      1.34         8       512     0.792     0.738     0.798     0.764       1.2     0.582         0
    23/299     14.5G     0.894     0.384         0      1.28         6       512     0.754     0.769     0.775     0.762      1.24     0.585         0
    24/299     14.5G     0.864     0.436         0       1.3         8       512     0.745     0.831       0.8     0.785      1.21     0.551         0
    25/299     14.5G     0.851     0.415         0      1.27         9       512     0.765       0.8     0.815     0.782      1.16     0.559         0
    26/299     14.5G      0.84     0.377         0      1.22        11       512     0.848     0.846     0.862     0.847      1.22     0.554         0
    27/299     14.5G     0.848      0.37         0      1.22         8       512     0.768     0.846     0.865     0.805      1.24     0.554         0
    28/299     14.5G     0.858     0.389         0      1.25         8       512      0.81     0.862     0.862     0.835      1.26     0.568         0
    29/299     14.5G     0.802     0.399         0       1.2        12       512     0.678     0.831     0.823     0.747       1.2     0.522         0
    30/299     14.5G      0.81     0.355         0      1.16         6       512     0.826     0.846     0.858     0.836      1.24     0.514         0
    31/299     14.5G     0.824     0.357         0      1.18        10       512     0.776       0.8     0.807     0.788      1.22      0.51         0
    32/299     14.5G     0.786      0.37         0      1.16         8       512     0.685     0.836     0.811     0.753      1.22     0.555         0
    33/299     14.5G     0.779     0.359         0      1.14         7       512     0.777     0.831     0.854     0.803      1.18     0.533         0
    34/299     14.5G     0.777     0.361         0      1.14         7       512     0.689     0.816     0.836     0.747      1.22     0.544         0
    35/299     14.5G     0.766     0.356         0      1.12         8       512     0.743       0.8      0.86      0.77      1.24     0.585         0
    36/299     14.5G     0.728     0.336         0      1.06        12       512     0.771     0.846     0.865     0.807      1.24     0.579         0
    37/299     14.5G     0.746     0.338         0      1.08         8       512      0.73     0.877     0.825     0.797      1.22     0.631         0
    38/299     14.5G     0.766     0.404         0      1.17         6       512     0.581     0.815     0.771     0.679      1.29     0.665         0
    39/299     14.5G     0.759     0.362         0      1.12         5       512     0.851     0.875     0.889     0.863       1.2     0.558         0
    40/299     14.5G     0.722     0.366         0      1.09         7       512      0.82     0.839     0.852     0.829      1.22     0.573         0
    41/299     14.5G     0.773     0.383         0      1.16         8       512     0.686     0.815     0.794     0.745      1.18      0.61         0
    42/299     14.5G     0.734     0.338         0      1.07         6       512     0.771     0.846     0.836     0.807      1.23     0.562         0
    43/299     14.5G     0.722     0.347         0      1.07        10       512     0.794     0.815     0.847     0.804      1.23     0.578         0
    44/299     14.5G      0.72     0.337         0      1.06        10       512     0.793     0.823      0.87     0.808      1.26     0.597         0
    45/299     14.5G     0.715     0.344         0      1.06         6       512     0.831     0.834     0.869     0.833      1.19     0.601         0
    46/299     14.5G     0.706     0.342         0      1.05        10       512     0.795     0.908     0.883     0.847      1.21     0.582         0
    47/299     14.5G     0.716     0.339         0      1.05         7       512     0.809     0.862      0.88     0.835      1.21     0.561         0
    48/299     14.5G     0.674     0.323         0     0.997         7       512     0.808     0.843     0.864     0.825      1.23     0.554         0
    49/299     14.5G     0.664     0.328         0     0.992         5       512     0.814     0.846     0.856      0.83       1.2     0.536         0
    50/299     14.5G     0.666     0.323         0     0.989        10       512     0.781     0.821     0.853       0.8      1.22     0.561         0
    51/299     14.5G     0.666     0.306         0     0.972         7       512     0.799     0.855     0.899     0.826      1.21     0.552         0
    52/299     14.5G     0.693     0.322         0      1.02        12       512     0.767     0.862     0.834     0.812      1.29     0.609         0
    53/299     14.5G     0.658     0.304         0     0.963         8       512     0.808     0.841     0.862     0.824      1.28     0.624         0
    54/299     14.5G      0.64     0.294         0     0.934         6       512     0.793     0.831     0.849     0.811      1.26     0.592         0
    55/299     14.5G     0.632     0.301         0     0.933         7       512     0.806     0.846     0.871     0.826      1.33     0.589         0
    56/299     14.5G     0.655     0.292         0     0.947         6       512     0.809     0.846     0.874     0.827      1.29     0.594         0
    57/299     14.5G     0.621     0.311         0     0.932        13       512     0.822     0.831     0.861     0.827      1.27     0.646         0
    58/299     14.5G     0.628     0.289         0     0.917         6       512     0.817     0.846     0.885     0.831      1.23     0.663         0
    59/299     14.5G      0.63     0.282         0     0.912         7       512      0.74     0.908     0.896     0.815      1.21      0.64         0
    60/299     14.5G     0.625     0.281         0     0.906         7       512     0.798     0.815     0.864     0.807      1.22     0.628         0
    61/299     14.5G     0.609      0.28         0     0.889         7       512     0.815     0.812     0.871     0.814      1.21      0.61         0
    62/299     14.5G     0.612     0.287         0     0.898         7       512     0.875     0.846     0.883     0.861       1.2     0.611         0
    63/299     14.5G     0.614     0.297         0     0.911         6       512     0.832     0.862     0.874     0.847       1.2     0.629         0
    64/299     14.5G     0.607      0.29         0     0.898         9       512     0.832     0.846     0.839     0.839      1.17     0.644         0
    65/299     14.5G     0.621     0.299         0     0.919         7       512     0.833     0.831     0.848     0.832      1.15     0.632         0
    66/299     14.5G     0.597     0.272         0      0.87        11       512     0.821     0.846     0.883     0.834      1.17     0.616         0
    67/299     14.5G     0.577     0.259         0     0.836         9       512     0.841     0.815     0.878     0.828      1.19     0.679         0
    68/299     14.5G     0.583     0.295         0     0.878        10       512     0.819     0.846     0.852     0.832       1.2     0.663         0
    69/299     14.5G     0.583     0.284         0     0.867         5       512     0.759     0.785     0.829     0.772      1.19     0.626         0
    70/299     14.5G      0.58     0.275         0     0.854         9       512       0.8       0.8     0.841       0.8      1.19     0.623         0
    71/299     14.5G     0.585     0.266         0     0.851        11       512     0.859       0.8      0.86     0.829      1.19     0.642         0
    72/299     14.5G      0.59     0.278         0     0.869         6       512     0.836     0.784     0.847     0.809      1.18     0.666         0
    73/299     14.5G     0.571     0.276         0     0.847        12       512     0.826     0.785      0.86     0.805      1.18     0.601         0
    74/299     14.5G     0.541     0.277         0     0.818        12       512     0.838     0.846     0.866     0.842      1.14     0.582         0
    75/299     14.5G     0.558     0.255         0     0.814         7       512     0.831     0.832     0.883     0.832      1.17     0.585         0
    76/299     14.5G      0.54      0.25         0      0.79         6       512     0.834     0.831     0.874     0.832      1.21     0.626         0
    77/299     14.5G     0.555     0.258         0     0.813         4       512     0.846     0.785      0.85     0.814      1.17     0.662         0
    78/299     14.5G     0.533      0.27         0     0.803         9       512     0.881     0.797     0.874     0.837      1.19     0.675         0
    79/299     14.5G     0.535     0.247         0     0.782         9       512      0.79       0.8      0.87     0.795      1.19     0.694         0
    80/299     14.5G     0.524     0.255         0     0.778         6       512     0.866     0.793     0.876     0.828      1.17     0.652         0
    81/299     14.5G     0.528     0.253         0     0.781         7       512     0.839     0.799     0.881     0.818       1.2     0.635         0
    82/299     14.5G     0.519     0.275         0     0.794         5       512     0.821     0.785     0.841     0.803      1.18     0.634         0
    83/299     14.5G     0.522      0.25         0     0.772        10       512     0.801     0.807     0.854     0.804      1.14     0.627         0
    84/299     14.5G     0.512     0.251         0     0.763        12       512     0.835      0.78     0.859     0.807      1.11     0.598         0
    85/299     14.5G     0.523      0.25         0     0.772         8       512     0.847     0.815     0.851     0.831      1.16     0.615         0
    86/299     14.5G     0.502     0.249         0     0.751         9       512     0.837     0.815     0.843     0.826      1.16     0.644         0
    87/299     14.5G     0.523     0.262         0     0.785         8       512     0.841       0.8     0.873      0.82      1.15     0.609         0
    88/299     14.5G      0.52     0.265         0     0.784        13       512     0.871     0.815     0.882     0.842      1.13     0.627         0
    89/299     14.5G     0.494     0.254         0     0.748         6       512     0.871     0.828     0.854     0.849      1.15     0.596         0
    90/299     14.5G     0.514     0.242         0     0.757         5       512     0.868     0.846      0.86     0.857      1.19     0.596         0
    91/299     14.5G     0.503     0.255         0     0.758         8       512     0.832     0.754     0.848     0.791      1.16       0.6         0
    92/299     14.5G     0.487     0.245         0     0.733         7       512     0.889       0.8     0.868     0.842      1.21     0.647         0
    93/299     14.5G     0.491     0.252         0     0.743         8       512     0.883     0.785     0.868     0.831      1.22     0.607         0
    94/299     14.5G     0.486     0.245         0     0.731         7       512     0.878     0.769     0.878      0.82      1.18     0.641         0
    95/299     14.5G     0.486     0.247         0     0.733         8       512      0.85     0.787     0.855     0.817      1.16     0.666         0
    96/299     14.5G     0.493     0.239         0     0.732         8       512     0.859     0.785      0.83      0.82      1.18     0.658         0
    97/299     14.5G     0.499     0.251         0      0.75        12       512     0.851     0.785      0.85     0.816      1.18     0.628         0
    98/299     14.5G     0.475     0.248         0     0.724        10       512     0.879     0.815     0.865     0.846      1.19     0.642         0
    99/299     14.5G     0.483     0.259         0     0.742         8       512     0.884     0.819     0.865      0.85      1.16      0.69         0
   100/299     14.5G     0.453     0.225         0     0.677         7       512     0.885     0.815     0.878     0.849      1.19     0.656         0
   101/299     14.5G     0.478     0.232         0      0.71         4       512       0.9     0.833     0.887     0.865      1.19     0.632         0
   102/299     14.5G     0.465      0.22         0     0.686         8       512     0.881     0.815     0.876     0.847      1.19     0.691         0
   103/299     14.5G     0.468     0.228         0     0.695        10       512     0.886       0.8     0.858     0.841      1.17     0.657         0
   104/299     14.5G      0.46     0.217         0     0.677         6       512     0.885     0.833     0.879     0.858      1.17     0.679         0
   105/299     14.5G     0.488     0.217         0     0.705         7       512     0.832     0.841     0.867     0.837      1.14     0.645         0
   106/299     14.5G     0.462      0.23         0     0.692        12       512     0.875     0.815     0.864     0.844      1.15     0.685         0
   107/299     14.5G     0.457     0.238         0     0.695         7       512     0.858     0.831     0.836     0.844      1.13     0.662         0
   108/299     14.5G     0.457     0.224         0     0.681         8       512     0.852     0.785     0.857     0.817      1.17     0.681         0
   109/299     14.5G     0.467     0.229         0     0.696         5       512     0.797     0.785     0.828     0.791      1.12     0.648         0
   110/299     14.5G     0.435      0.22         0     0.655         7       512     0.848     0.831     0.833     0.839      1.12     0.624         0
   111/299     14.5G      0.47     0.212         0     0.681         9       512     0.875       0.8     0.857     0.836      1.16     0.642         0
   112/299     14.5G      0.46     0.222         0     0.682         9       512     0.866     0.796     0.824      0.83      1.16     0.693         0
   113/299     14.5G     0.454     0.221         0     0.675         9       512     0.865      0.79     0.827     0.826      1.17     0.712         0
   114/299     14.5G     0.439     0.224         0     0.663         8       512     0.852     0.769     0.821     0.809      1.16     0.696         0
   115/299     14.5G     0.449     0.209         0     0.658         8       512     0.845       0.8     0.842     0.822      1.18     0.682         0
   116/299     14.5G     0.446     0.226         0     0.672         6       512     0.879     0.815     0.845     0.846      1.17     0.677         0
   117/299     14.5G     0.447     0.203         0      0.65         7       512     0.852     0.846     0.858     0.849      1.17      0.69         0
   118/299     14.5G     0.437     0.218         0     0.655         9       512     0.866     0.796     0.847     0.829      1.17     0.715         0
   119/299     14.5G     0.439     0.226         0     0.664         7       512     0.837     0.788     0.818     0.811       1.2     0.722         0
   120/299     14.5G     0.436     0.215         0     0.651        11       512     0.868     0.815     0.818     0.841       1.2       0.7         0
   121/299     14.5G     0.419     0.207         0     0.626        14       512     0.856       0.8     0.838     0.827      1.19     0.741         0
   122/299     14.5G     0.433     0.217         0      0.65        10       512     0.837     0.789     0.848     0.812      1.16     0.728         0
   123/299     14.5G     0.454     0.212         0     0.666        10       512     0.867     0.805     0.859     0.835      1.17     0.709         0
   124/299     14.5G     0.435      0.22         0     0.654         7       512     0.837     0.792     0.846     0.814      1.16     0.674         0
   125/299     14.5G      0.41     0.223         0     0.633        10       512     0.827       0.8     0.831     0.813      1.16     0.647         0
   126/299     14.5G     0.413     0.211         0     0.624         8       512     0.851       0.8     0.845     0.825      1.15     0.666         0
   127/299     14.5G     0.424     0.215         0     0.639         9       512     0.852       0.8     0.865     0.825      1.15     0.702         0
   128/299     14.5G     0.438     0.213         0     0.651         8       512      0.88     0.785     0.843     0.829      1.16     0.734         0
   129/299     14.5G     0.419     0.199         0     0.618         7       512      0.87       0.8     0.845     0.834      1.18     0.756         0
   130/299     14.5G     0.407     0.205         0     0.612        10       512     0.905     0.815     0.842     0.858      1.16     0.757         0
   131/299     14.5G     0.404     0.193         0     0.597         7       512     0.913     0.812     0.852      0.86      1.13     0.767         0
   132/299     14.5G     0.409     0.202         0     0.611         8       512     0.883     0.815     0.858     0.848      1.15     0.774         0
   133/299     14.5G     0.412     0.193         0     0.604         7       512     0.856     0.815     0.862     0.835      1.13     0.759         0
   134/299     14.5G     0.398     0.193         0     0.591         4       512     0.877       0.8     0.863     0.837      1.14     0.756         0
   135/299     14.5G     0.409     0.205         0     0.613         8       512      0.87       0.8     0.854     0.833      1.18     0.737         0
   136/299     14.5G     0.413     0.195         0     0.607         7       512     0.866       0.8     0.839     0.832      1.19     0.757         0
   137/299     14.5G     0.387     0.209         0     0.596         5       512     0.882     0.804     0.838     0.841      1.15     0.795         0
   138/299     14.5G       0.4     0.201         0     0.601         9       512     0.869     0.815     0.828     0.841      1.13      0.76         0
   139/299     14.5G     0.405     0.199         0     0.604        10       512     0.871     0.833     0.839     0.852      1.14     0.756         0
   140/299     14.5G     0.405     0.201         0     0.606         9       512     0.871       0.8     0.851     0.834      1.17     0.726         0
   141/299     14.5G     0.384     0.203         0     0.587        10       512     0.877       0.8     0.867     0.837      1.14     0.715         0
   142/299     14.5G     0.396     0.209         0     0.605         6       512     0.876     0.815     0.841     0.844      1.13     0.738         0
   143/299     14.5G     0.395     0.198         0     0.593         8       512     0.865       0.8     0.845     0.831      1.12     0.751         0
   144/299     14.5G     0.398     0.216         0     0.614         9       512     0.846     0.831     0.839     0.838      1.13     0.741         0
   145/299     14.5G     0.378     0.194         0     0.572        13       512     0.866     0.796     0.836      0.83      1.13     0.737         0
   146/299     14.5G     0.383     0.198         0     0.581         6       512     0.864     0.782     0.822     0.821      1.16     0.743         0
   147/299     14.5G     0.372     0.178         0     0.551         8       512     0.864     0.769     0.826     0.814      1.16     0.759         0
   148/299     14.5G     0.386     0.188         0     0.575         5       512     0.885     0.785      0.83     0.832      1.12     0.727         0
   149/299     14.5G     0.389     0.186         0     0.575         7       512     0.872       0.8      0.83     0.834      1.14     0.729         0
   150/299     14.5G     0.375     0.196         0     0.571         9       512     0.879     0.784     0.829     0.829      1.15     0.742         0
   151/299     14.5G     0.356     0.191         0     0.547        10       512     0.865     0.792     0.843     0.827      1.15     0.727         0
   152/299     14.5G     0.372     0.193         0     0.565         7       512     0.858     0.815      0.84     0.836      1.17      0.71         0
   153/299     14.5G     0.369     0.192         0     0.562        10       512     0.852     0.794     0.838     0.822      1.15     0.724         0
   154/299     14.5G     0.365     0.186         0     0.551        10       512     0.866     0.798     0.843     0.831      1.16     0.731         0
   155/299     14.5G     0.351      0.18         0     0.531        12       512      0.87       0.8     0.847     0.833      1.17     0.746         0
   156/299     14.5G     0.359     0.172         0     0.531         5       512     0.868     0.813     0.859      0.84      1.16     0.756         0
   157/299     14.5G     0.362     0.187         0     0.549         5       512     0.896       0.8     0.851     0.845      1.17     0.754         0
   158/299     14.5G     0.356      0.18         0     0.536         7       512     0.895     0.783     0.848     0.835      1.15     0.769         0
   159/299     14.5G     0.344     0.191         0     0.536         7       512     0.849     0.781     0.844     0.814      1.16     0.754         0
   160/299     14.5G     0.357     0.193         0      0.55         6       512     0.899     0.815     0.848     0.855      1.16     0.764         0
   161/299     14.5G     0.356     0.172         0     0.528         5       512     0.899     0.821     0.853     0.858      1.19     0.753         0
   162/299     14.5G     0.335     0.174         0      0.51        10       512     0.884       0.8     0.838      0.84      1.16     0.768         0
   163/299     14.5G     0.347     0.156         0     0.503         8       512     0.912     0.802     0.843     0.853      1.16      0.78         0
   164/299     14.5G      0.33     0.177         0     0.507         8       512     0.896     0.791     0.848      0.84      1.15     0.808         0
   165/299     14.5G     0.342     0.164         0     0.507         5       512     0.848      0.77     0.836     0.807      1.18     0.818         0
   166/299     14.5G     0.341     0.163         0     0.504         7       512     0.847     0.754     0.839     0.798      1.17      0.85         0
   167/299     14.5G     0.352     0.174         0     0.526         9       512     0.876     0.754     0.833      0.81      1.16     0.857         0
   168/299     14.5G     0.337     0.183         0      0.52         8       512     0.856     0.785     0.831     0.819      1.16     0.825         0
   169/299     14.5G     0.339     0.181         0      0.52         5       512     0.857       0.8     0.833     0.827      1.17     0.781         0
   170/299     14.5G     0.336     0.165         0     0.502         6       512      0.88     0.789     0.836     0.832      1.19     0.756         0
   171/299     14.5G     0.341     0.172         0     0.513         5       512     0.862     0.769     0.834     0.813      1.17     0.753         0
   172/299     14.5G     0.335     0.159         0     0.494        11       512      0.88     0.815     0.842     0.847      1.17     0.741         0
   173/299     14.5G     0.318     0.158         0     0.476         6       512     0.883     0.812     0.842     0.846      1.17     0.753         0
   174/299     14.5G     0.322     0.179         0     0.501        11       512     0.882     0.807     0.843     0.843      1.16     0.759         0
   175/299     14.5G     0.335      0.18         0     0.515         6       512     0.874       0.8     0.838     0.835      1.15      0.73         0
   176/299     14.5G     0.329     0.163         0     0.493        11       512     0.852     0.797     0.832     0.824      1.17     0.749         0
   177/299     14.5G     0.324     0.182         0     0.506         5       512     0.871     0.785     0.839     0.825      1.17     0.766         0
   178/299     14.5G     0.322     0.179         0       0.5         9       512     0.879     0.781     0.843     0.827      1.15     0.772         0
   179/299     14.5G     0.317     0.165         0     0.481         8       512     0.891     0.815     0.837     0.852      1.15     0.769         0
   180/299     14.5G     0.322     0.174         0     0.497         8       512       0.9     0.834      0.85     0.866      1.15     0.777         0
   181/299     14.5G     0.312     0.176         0     0.488         8       512     0.854     0.831     0.844     0.842      1.15     0.767         0
   182/299     14.5G     0.309     0.152         0     0.461         8       512     0.856     0.831     0.843     0.843      1.17      0.77         0
   183/299     14.5G     0.302     0.161         0     0.463         6       512     0.864     0.831     0.839     0.847      1.16     0.761         0
   184/299     14.5G     0.301     0.159         0      0.46         5       512     0.862     0.815     0.826     0.838      1.14     0.785         0
   185/299     14.5G     0.298     0.148         0     0.446         6       512      0.84       0.8     0.825      0.82      1.14     0.772         0
   186/299     14.5G     0.316     0.161         0     0.477         6       512     0.841       0.8     0.827      0.82      1.17      0.79         0
   187/299     14.5G     0.315     0.157         0     0.472         8       512     0.882     0.804     0.831     0.841      1.15     0.782         0
   188/299     14.5G     0.303     0.178         0     0.481         9       512     0.882     0.831     0.833     0.856      1.14     0.815         0
   189/299     14.5G     0.297      0.15         0     0.447         6       512     0.843     0.824     0.833     0.833      1.15     0.806         0
   190/299     14.5G     0.292     0.149         0      0.44         6       512     0.862     0.831     0.847     0.846      1.16     0.787         0
   191/299     14.5G     0.297     0.147         0     0.444         8       512     0.884     0.818     0.848     0.849      1.14     0.805         0
   192/299     14.5G     0.302     0.167         0     0.468         4       512     0.881     0.797     0.843     0.837      1.14     0.817         0
   193/299     14.5G     0.286     0.142         0     0.427         8       512     0.868     0.807     0.832     0.836      1.15     0.844         0
   194/299     14.5G      0.29     0.157         0     0.448         7       512     0.895     0.786     0.821     0.837      1.16      0.84         0
   195/299     14.5G     0.286     0.149         0     0.435         8       512     0.897     0.801     0.832     0.846      1.16     0.801         0
   196/299     14.5G     0.288     0.144         0     0.432        12       512     0.899     0.825     0.834     0.861      1.16     0.821         0
   197/299     14.5G     0.282     0.153         0     0.434         7       512     0.882     0.831     0.841     0.856      1.16     0.805         0
   198/299     14.5G     0.284     0.153         0     0.437         5       512     0.883     0.812     0.843     0.846      1.16      0.78         0
   199/299     14.5G      0.27      0.15         0      0.42         9       512     0.879     0.769     0.845      0.82      1.16     0.804         0
   200/299     14.5G     0.295     0.156         0     0.451         5       512     0.894     0.781     0.843     0.834      1.16     0.789         0
   201/299     14.5G       0.3      0.14         0      0.44        11       512     0.893     0.769     0.843     0.827      1.17     0.785         0
   202/299     14.5G     0.286     0.152         0     0.438        15       512     0.911     0.784     0.846     0.843      1.15      0.77         0
   203/299     14.5G     0.274     0.143         0     0.417        10       512     0.897       0.8     0.843     0.845      1.14     0.766         0
   204/299     14.5G     0.271     0.147         0     0.418         5       512     0.882     0.815     0.839     0.847      1.13     0.779         0
   205/299     14.5G     0.275     0.149         0     0.424        10       512     0.882     0.807     0.832     0.843      1.13     0.783         0
   206/299     14.5G     0.268     0.153         0     0.421         9       512     0.886       0.8     0.835     0.841      1.12     0.779         0
   207/299     14.5G     0.272     0.143         0     0.415         6       512     0.897     0.815     0.835     0.854      1.13     0.778         0
   208/299     14.5G     0.261      0.14         0     0.401         6       512     0.895     0.788     0.848     0.838      1.13     0.801         0
   209/299     14.5G     0.268      0.14         0     0.408         8       512     0.881     0.801     0.847     0.839      1.14     0.799         0
   210/299     14.5G     0.255     0.131         0     0.386         5       512     0.881     0.796     0.834     0.836      1.15     0.788         0
   211/299     14.5G     0.274     0.139         0     0.413         7       512     0.882     0.805     0.834     0.842      1.16      0.77         0
   212/299     14.5G     0.271     0.136         0     0.407         6       512     0.896     0.793     0.829     0.841      1.15      0.78         0
   213/299     14.5G     0.261     0.131         0     0.392         9       512     0.897       0.8     0.827     0.845      1.14     0.791         0
   214/299     14.5G     0.266      0.14         0     0.406         5       512     0.896     0.794     0.834     0.842      1.15     0.809         0
   215/299     14.5G     0.265     0.152         0     0.417        14       512     0.895      0.79     0.832     0.839      1.14     0.823         0
   216/299     14.5G     0.266     0.145         0     0.412         8       512     0.882       0.8     0.833     0.839      1.13     0.825         0
   217/299     14.5G     0.252     0.141         0     0.392         7       512     0.874     0.815     0.839     0.844      1.12      0.83         0
   218/299     14.5G     0.259     0.137         0     0.396         8       512     0.876       0.8     0.834     0.836      1.12     0.826         0
   219/299     14.5G     0.263     0.152         0     0.415        12       512      0.88     0.815      0.84     0.846      1.13     0.813         0
   220/299     14.5G      0.25      0.14         0     0.391         8       512     0.899     0.818     0.849     0.857      1.13      0.82         0
   221/299     14.5G     0.263     0.131         0     0.393         8       512     0.898     0.817     0.844     0.856      1.14     0.826         0
   222/299     14.5G      0.26     0.141         0       0.4        12       512     0.898     0.814      0.84     0.854      1.14     0.833         0
   223/299     14.5G     0.255     0.135         0     0.391        10       512     0.893       0.8     0.836     0.844      1.14     0.834         0
   224/299     14.5G     0.263     0.134         0     0.397         5       512     0.863       0.8     0.834      0.83      1.14     0.834         0
   225/299     14.5G     0.257     0.127         0     0.384         7       512      0.86       0.8      0.83     0.829      1.13     0.847         0
   226/299     14.5G     0.262     0.136         0     0.398         8       512     0.898      0.81      0.82     0.852      1.12     0.849         0
   227/299     14.5G     0.248     0.141         0     0.388         8       512     0.898     0.809     0.827     0.851      1.12     0.846         0
   228/299     14.5G     0.239     0.132         0     0.372        13       512     0.866       0.8     0.825     0.832      1.13     0.809         0
   229/299     14.5G      0.24      0.12         0     0.361         9       512     0.869       0.8     0.824     0.833      1.13     0.808         0
   230/299     14.5G      0.24     0.132         0     0.372         5       512     0.881     0.796     0.826     0.836      1.13     0.804         0
   231/299     14.5G     0.242     0.138         0      0.38         6       512     0.864     0.785     0.817     0.823      1.12     0.813         0
   232/299     14.5G     0.245     0.135         0     0.379         7       512     0.878       0.8     0.822     0.837      1.12     0.817         0
   233/299     14.5G     0.255     0.136         0     0.391        14       512     0.883       0.8     0.831     0.839      1.12     0.831         0
   234/299     14.5G      0.24     0.132         0     0.372         9       512     0.853     0.803     0.829     0.827      1.13     0.827         0
   235/299     14.5G     0.239     0.118         0     0.357         8       512     0.854     0.811     0.834     0.832      1.13     0.829         0
   236/299     14.5G     0.226     0.121         0     0.348         8       512     0.868     0.807     0.828     0.836      1.11     0.853         0
   237/299     14.5G     0.244     0.136         0      0.38         5       512     0.879     0.782     0.813     0.828      1.13     0.884         0
   238/299     14.5G     0.242     0.134         0     0.376         8       512     0.903     0.785     0.807      0.84      1.13     0.903         0
   239/299     14.5G     0.242     0.128         0     0.369        10       512     0.885     0.785     0.811     0.832      1.14     0.905         0
   240/299     14.5G     0.241     0.123         0     0.364        12       512     0.881     0.794     0.803     0.835      1.15     0.881         0
   241/299     14.5G     0.228     0.122         0      0.35        10       512      0.88       0.8     0.809     0.838      1.15     0.863         0
   242/299     14.5G     0.224     0.124         0     0.348         7       512      0.88      0.79     0.815     0.832      1.15      0.87         0
   243/299     14.5G     0.233     0.119         0     0.352         6       512      0.88       0.8     0.818     0.838      1.15     0.871         0
   244/299     14.5G     0.228     0.117         0     0.345         9       512     0.889     0.785     0.818     0.834      1.15     0.879         0
   245/299     14.5G     0.231     0.128         0      0.36         8       512     0.886     0.785     0.828     0.832      1.15     0.883         0
   246/299     14.5G     0.237     0.127         0     0.364         8       512     0.882     0.785     0.817      0.83      1.14     0.888         0
   247/299     14.5G     0.225     0.132         0     0.357         9       512     0.881     0.785     0.821      0.83      1.15     0.887         0
   248/299     14.5G     0.233     0.122         0     0.355         5       512     0.887     0.785     0.823     0.833      1.14     0.896         0
   249/299     14.5G      0.23     0.121         0     0.351         7       512     0.891     0.785     0.817     0.834      1.15     0.899         0
   250/299     14.5G     0.235     0.126         0      0.36         9       512     0.895     0.784     0.815     0.836      1.15     0.898         0
   251/299     14.5G      0.22     0.119         0     0.339        10       512     0.884     0.785     0.815     0.831      1.16     0.891         0
   252/299     14.5G     0.226     0.119         0     0.346         7       512     0.896     0.795     0.816     0.842      1.16     0.895         0
   253/299     14.5G     0.224     0.106         0      0.33         5       512     0.911     0.787     0.817     0.844      1.15     0.891         0
   254/299     14.5G      0.22     0.117         0     0.337         7       512     0.912     0.794     0.821     0.849      1.15     0.885         0
   255/299     14.5G     0.222     0.121         0     0.343        12       512     0.911     0.783     0.819     0.842      1.15     0.892         0
   256/299     14.5G     0.226     0.117         0     0.343        11       512     0.895     0.769     0.816     0.827      1.15     0.891         0
   257/299     14.5G     0.217     0.137         0     0.354         6       512     0.904     0.785     0.815      0.84      1.15     0.883         0
   258/299     14.5G     0.216      0.11         0     0.327         8       512     0.905     0.785     0.807     0.841      1.14     0.882         0
   259/299     14.5G     0.225     0.123         0     0.347         6       512     0.887     0.785     0.814     0.833      1.14     0.883         0
   260/299     14.5G     0.229     0.125         0     0.354         9       512      0.87     0.785     0.821     0.825      1.15     0.883         0
   261/299     14.5G     0.222     0.125         0     0.348        11       512     0.866     0.785     0.822     0.823      1.15     0.878         0
   262/299     14.5G     0.211     0.108         0      0.32         6       512     0.865      0.79     0.824     0.826      1.15     0.881         0
   263/299     14.5G     0.224     0.111         0     0.335         8       512     0.892       0.8     0.824     0.843      1.15     0.884         0
   264/299     14.5G     0.216     0.111         0     0.327        12       512     0.881       0.8     0.823     0.839      1.14     0.884         0
   265/299     14.5G     0.227     0.122         0      0.35         7       512     0.879       0.8     0.821     0.837      1.15     0.887         0
   266/299     14.5G     0.224     0.108         0     0.332         8       512     0.896     0.799     0.831     0.845      1.14     0.886         0
   267/299     14.5G     0.213     0.112         0     0.324         9       512     0.872     0.785     0.832     0.826      1.14     0.885         0
   268/299     14.5G     0.212    0.0993         0     0.311         5       512     0.879     0.785     0.823     0.829      1.14     0.888         0
   269/299     14.5G      0.21     0.112         0     0.322         6       512     0.894     0.785      0.82     0.836      1.15     0.896         0
   270/299     14.5G     0.221     0.114         0     0.336         7       512     0.896     0.785     0.814     0.837      1.14     0.897         0
   271/299     14.5G     0.214     0.112         0     0.325         8       512      0.88     0.788     0.819     0.831      1.15     0.892         0
   272/299     14.5G     0.212     0.113         0     0.326        11       512     0.881     0.795     0.823     0.836      1.14     0.892         0
   273/299     14.5G     0.206     0.106         0     0.312         8       512      0.87       0.8     0.822     0.834      1.15     0.885         0
   274/299     14.5G     0.226     0.116         0     0.343         8       512     0.865       0.8     0.826     0.831      1.15     0.885         0
   275/299     14.5G     0.211      0.11         0     0.321        10       512     0.866     0.794     0.825     0.828      1.14     0.888         0
   276/299     14.5G     0.211     0.111         0     0.322        10       512     0.865      0.79     0.826     0.826      1.14     0.894         0
   277/299     14.5G     0.209     0.128         0     0.336         6       512     0.862     0.769     0.831     0.813      1.14      0.89         0
   278/299     14.5G     0.213     0.112         0     0.325        11       512     0.863     0.777     0.831     0.818      1.14      0.89         0
   279/299     14.5G     0.208     0.128         0     0.337         3       512     0.863     0.777      0.83     0.818      1.14     0.894         0
   280/299     14.5G     0.202     0.118         0      0.32         6       512     0.879     0.783     0.831     0.828      1.15     0.894         0
   281/299     14.5G     0.221     0.115         0     0.336         8       512     0.879     0.781     0.832     0.827      1.15     0.891         0
   282/299     14.5G     0.201     0.113         0     0.314        10       512     0.878     0.775     0.834     0.823      1.15     0.893         0
   283/299     14.5G       0.2     0.127         0     0.326         7       512      0.87     0.769     0.831     0.817      1.15     0.894         0
   284/299     14.5G     0.211     0.119         0     0.329         9       512     0.868     0.769     0.816     0.816      1.15     0.886         0
   285/299     14.5G     0.209     0.108         0     0.317         7       512     0.867     0.769     0.818     0.815      1.15     0.884         0
   286/299     14.5G     0.192       0.1         0     0.292         9       512      0.88     0.789     0.816     0.832      1.15     0.882         0
   287/299     14.5G     0.203     0.107         0     0.309         6       512     0.896     0.785     0.817     0.837      1.15     0.884         0
   288/299     14.5G       0.2     0.122         0     0.322        10       512     0.901     0.785     0.818     0.839      1.15     0.888         0
   289/299     14.5G     0.212     0.106         0     0.318        11       512      0.89     0.785     0.824     0.834      1.15       0.9         0
   290/299     14.5G     0.215     0.103         0     0.318         9       512     0.895     0.786     0.826     0.837      1.15     0.907         0
   291/299     14.5G     0.212     0.109         0     0.322         6       512     0.895     0.791     0.827      0.84      1.15     0.905         0
   292/299     14.5G     0.202     0.114         0     0.316         8       512     0.895     0.791     0.829      0.84      1.15     0.908         0
   293/299     14.5G     0.197     0.107         0     0.304         8       512     0.895     0.786     0.829     0.837      1.15     0.909         0
   294/299     14.5G     0.199       0.1         0     0.299         8       512     0.895     0.783     0.827     0.835      1.16     0.909         0
   295/299     14.5G     0.209     0.114         0     0.323        16       512     0.895     0.783     0.827     0.835      1.16     0.909         0
   296/299     14.5G     0.198       0.1         0     0.298         8       512     0.895     0.784     0.833     0.836      1.16     0.908         0
   297/299     14.5G     0.189     0.108         0     0.297         7       512     0.878     0.776     0.835     0.824      1.15     0.911         0
   298/299     14.5G     0.196      0.11         0     0.306         6       512     0.878     0.775     0.835     0.823      1.15     0.913         0
   299/299     14.5G     0.214     0.103         0     0.317         6       512     0.879     0.779     0.835     0.826      1.15     0.912         0
